179.672
179.339
178.992
178.826
178.568
178.318
178.172
178.019
177.665
177.333
177.224
176.880
176.608
176.326
176.179
176.049
175.659
175.339
174.992
174.660
173.732
173.586
173.351
173.088
172.929
172.789
172.431
172.080
171.943
171.066
170.699
170.594
169.700
169.395
168.486
168.338
168.075
167.825
167.687
167.533
167.178
166.860
166.735
166.372
166.116
165.879
165.735
165.165
164.826
164.486
164.165
163.219
163.075
162.839
162.581
162.436
162.277
161.943
161.589
161.463
160.617
160.257
160.124
159.251
158.950
158.032
157.881
157.740
157.346
156.706
156.033
155.361
154.685
154.103
153.401
152.776
152.171
151.479
150.803
150.122
149.473
148.817
148.192
147.855
147.706
147.560
146.825
146.679
146.530
146.165
145.839
145.692
145.296
144.881
144.735
144.595
144.196
143.872
143.532
143.196
142.249
142.108
141.837
141.604
140.921
140.317
138.985
137.660
132.415
131.769
131.269
131.137
130.471
129.965
129.832
129.137
128.615
128.484
127.836
127.358
127.209
126.530
126.012
125.867
125.227
124.679
124.548
123.832
123.387
123.243
122.617
122.060
121.957
121.290
120.746
120.611
119.971
119.414
119.272
118.660
118.139
118.007
117.338
116.799
116.666
116.047
115.534
115.379
114.731
114.222
114.074
113.442
112.884
112.761
112.095
111.561
111.432
110.110
108.860
107.442
106.139
104.834
103.567
102.234
101.124
100.987
100.310
100.133
99.915
99.659
99.495
99.339
98.966
98.668
98.520
98.167
97.903
97.648
97.518
96.963
96.637
96.283
95.971
95.075
94.903
94.633
94.390
94.222
94.072
93.706
93.410
93.278
92.408
92.096
91.966
91.007
90.727
89.811
89.666
89.416
89.157
89.005
88.841
88.504
88.207
88.074
87.673
87.415
87.172
87.026
86.500
86.144
85.789
85.475
84.555
84.404
84.158
83.910
83.735
83.579
83.242
82.908
82.793
81.923
81.569
81.436
80.623
80.334
79.617
79.477
79.330
78.997
78.859
78.723
78.340
78.194
78.043
77.667
77.522
77.377
77.005
76.874
76.726
76.346
76.201
76.055
75.692
75.560
75.400
75.013
74.870
74.721
74.337
74.198
74.055
73.706
73.568
73.415
73.059
72.917
72.766
72.382
72.242
72.099
71.728
71.589
71.449
71.081
70.945
70.807
70.450
70.307
70.165
69.800
69.654
69.519
69.166
68.821
68.479
68.132
67.798
67.458
67.178
66.881
66.513
66.201
65.857
65.520
65.187
64.840
64.542
64.213
63.908
63.584
63.263
62.930
62.578
62.241
61.915
61.602
61.291
60.935
60.629
60.311
60.009
59.701
59.404