253.656
253.476
253.073
252.878
252.482
252.302
251.913
251.710
251.316
251.148
250.963
250.768
250.587
249.697
249.517
249.343
249.164
248.198
247.990
247.801
247.615
246.655
246.475
246.287
246.093
245.142
244.968
244.777
244.587
243.655
243.482
243.255
243.079
241.940
241.733
241.530
240.664
240.496
240.301
240.129
239.919
239.739
239.358
239.183
238.974
238.788
238.599
237.677
237.503
237.296
237.114
236.170
235.976
235.794
235.600
234.676
234.482
234.316
234.108
233.191
232.988
232.781
232.593
231.678
231.496
231.323
231.115
230.177
229.982
229.789
229.580
228.661
228.463
228.281
228.094
227.725
227.343
226.962
226.580
226.219
225.856
225.482
225.101
224.691
224.350
223.975
223.608
223.245
222.836
222.314
221.906
221.745
221.335
220.975
220.592
220.211
219.870
219.482
219.100
218.698
218.349
217.982
217.614
217.233
216.892
216.489
216.127
215.724
215.164
214.786
214.420
214.016
213.851
213.461
213.085
212.899
212.547
212.171
211.788
211.398
211.218
210.829
210.475
210.080
209.730
209.350
209.149
208.816
208.420
208.045
207.851
207.497
207.101
206.920
206.545
206.183
205.802
205.399
205.218
204.836
204.502
204.121
203.733
203.350
203.171
202.808
202.419
202.023
201.857
201.468
201.094
200.935
200.565
200.197
199.823
199.427
199.226
198.850
198.467
198.115
197.731
197.349
197.148
196.796
196.426
196.044
195.870
195.454
195.080
194.886
194.552
194.157
193.780
193.413
193.239
192.836
192.475
192.094
191.699
191.351
190.958
190.601
190.212
189.844
189.475
189.094
188.719
188.365
187.990
187.602
187.233
186.845
186.489
186.073
185.732
185.365
184.983
184.601
184.228
183.864
183.483
183.109
182.739
182.372
182.003
181.621
181.234
180.885
180.462
180.087
179.705
179.366
178.999
178.407
178.253
177.865
177.497
177.088
176.539
176.351
176.170
175.976
175.426
175.232
174.852
174.469
174.086
173.712
173.344
172.970
172.400
172.233
171.855
171.510
171.108
170.525
170.351
170.156
169.961
169.427
169.247
168.837
168.470
168.073
167.740
167.435
167.143
166.962
166.774
166.555
165.447
165.274
165.093
163.928
163.747
163.531
162.485
162.303
162.096
161.165
160.990
160.810
160.601
159.686
159.512
159.324
159.110
158.171
157.990
157.810
157.602
155.950
155.763
155.602
155.373
155.227
154.971
154.838
154.623
154.073
153.864
153.728
153.473
152.595
152.373
152.227
151.963
151.095
150.865
150.734
150.490
150.115
149.723
149.582
149.359
148.977
148.838
148.600
148.074
147.880
147.734
147.470
146.588
146.373
146.234
145.949
145.095
144.886
144.749
144.484
144.102
143.748
143.616
143.380
143.213
142.832
142.485
142.247
141.866
141.477
141.144
140.735
140.380
140.213
139.823
139.449
139.241
138.879
138.518
138.129
137.740
137.362
137.213
136.847
136.483
136.254
135.894
135.533
135.146
134.741
134.353
134.213
133.826
133.492
133.233
132.866
132.715
132.483
132.357
132.094
131.707
131.368
131.192
130.852
130.430
130.240
129.848
129.462
129.129
128.713
128.359
128.164
127.750
127.401
127.222
126.838
126.484
126.116
125.720
125.345
125.151
124.763
124.435
124.095
123.887
123.478
123.109
122.916
122.560
122.192
121.796
121.428
121.254
120.844
120.469
120.081
119.722
119.351
118.984
118.622
118.236
117.845
117.458
117.095
116.706
116.352
115.971
115.595
115.214
114.838
114.452
114.095
113.713
113.353
112.971
112.602
112.227
111.854
111.492
111.103
110.727
110.362
109.986
109.615
109.234
108.873
108.492
108.137
107.749
107.346
107.172
106.797
106.414
106.069
105.876
105.472
105.095
104.914
104.561
104.178
103.765
103.387
103.209
102.851
102.493
102.098
101.727
101.346
101.151
100.803
100.435
100.075
99.883
99.470
99.115
98.916
98.555
98.186
97.803
97.407
97.219
96.852
96.487
96.112
95.749
95.367
95.179
94.805
94.435
94.048
93.859
93.463
93.077
92.871
92.563
92.179
91.796
91.401
91.221
90.866
90.491
90.109
89.706
89.348
89.164
88.775
88.422
88.040
87.859
87.465
87.103
86.915
86.556
86.185
85.798
85.414
85.210
84.852
84.471
84.082
83.721
83.526
83.353
82.948
82.743
82.563
82.036
81.853
81.664
81.465
81.081
80.541
80.356
80.171
79.977
79.581
79.033
78.859
78.674
78.484
78.095
77.727
77.532
77.362
76.977
76.582
76.040
75.854
75.660
75.460
75.118
74.547
74.354
74.164
73.972
73.588
73.055
72.861
72.664
72.484
72.061
71.553
71.202
70.805
70.406
70.220
69.873
69.470
69.116
68.734
68.345
68.150
67.798
67.420
67.250
66.853
66.479
66.116
65.748
65.351
65.164
64.803
64.427
64.048
63.866
63.506
63.124
62.768
62.351
62.164
61.817
61.422
61.052
60.864
60.444
60.061
59.882
59.611
59.359
59.173
58.868
58.609
58.408
58.137
57.874
57.675
57.386
57.081
56.889
56.609
56.328
56.144
55.894
55.609
55.401
55.116
54.855
54.663
54.380
54.082
53.880
53.630
53.373
53.187
52.882
52.605
52.408
52.137
51.861
51.672
51.387
51.115
50.914
50.643
50.359
50.166
49.900
49.596
49.401
49.130
48.845
48.638
48.374
48.081
47.901
47.630
47.365
47.153
46.866
46.580
46.388
46.123
45.861
45.678
45.399
45.123
44.936
44.650
44.372
44.172
43.894
43.624
43.409
43.137
42.852
42.645
42.387
42.112
41.914
41.630
41.363
41.155
40.888
40.603
40.409
40.143
39.867
39.664
39.381
39.110
38.917
38.646
38.376
38.186
37.893
37.620
37.450
37.171
36.887
36.696
36.431
36.114
35.904
35.735
35.546
35.375
35.182
34.986
34.786
34.603
34.043
33.836
33.633
33.449
32.534
32.345
32.153
31.958
31.044
30.869
30.680
30.485
29.895
29.709
29.527
29.361
29.172
28.990
28.792
28.613
28.056
27.874
27.693
27.496
26.521
26.328
26.131
25.922
25.034
24.858
24.665
24.481
23.894
23.716
23.542
23.361
23.175
22.965
22.779
22.602
22.053
21.862
21.661
21.474
20.528
20.344
20.152
19.965
19.053
18.880
18.681
18.477
17.916
17.738
17.556
17.389
17.188
17.005
16.800
16.612
16.042
15.856
15.664
15.459
14.513
14.339
14.126
13.907
13.040
12.859
12.665
12.467
11.755
11.471
11.160
10.974
10.791
10.592
9.643
9.457
9.262
9.058
8.161
7.979
7.797
7.606
6.673
6.498
6.319
6.148
5.187
4.993
4.804
4.600
3.651
3.478
3.294
3.090
2.165
1.981
1.807
1.569
